 	Label	slice	Saturated	J.D.-2400000	JD_UTC	JD_SOBS	HJD_UTC	BJD_TDB	AIRMASS	ALT_OBJ	CCD-TEMP	EXPTIME	RAOBJ2K	DECOBJ2K	Source_Radius	Sky_Rad(min)	Sky_Rad(max)	X(IJ)	Y(IJ)	X(FITS)	Y(FITS)	Source-Sky	Source_Error	Source_SNR	Peak	Mean	Sky/Pixel	Width	X-Width	Y-Width	Angle	Roundness
1	pulsar-101.fit	1.000000	0.000000	56941.432503	2456941.432503	NaN	NaN	NaN	NaN	NaN	-24.062500	0.500000	NaN	NaN	27.000000	48.000000	72.000000	98.973545	318.306878	99.473545	194.193122	1367.639329	2418.474093	0.565497	2024.000000	1999.717524	1999.121343	36.377053	35.187538	37.566568	68.555994	0.992050
2	pulsar-102.fit	2.000000	0.000000	56941.432514	2456941.432514	NaN	NaN	NaN	NaN	NaN	-24.062500	0.500000	NaN	NaN	27.000000	48.000000	72.000000	98.973545	318.306878	99.473545	194.193122	967.216625	2431.740301	0.397747	2026.000000	1999.946818	1999.525189	40.100048	34.167807	46.032289	282.422431	-13.486121
3	pulsar-103.fit	3.000000	0.000000	56941.432526	2456941.432526	NaN	NaN	NaN	NaN	NaN	-24.062500	0.500000	NaN	NaN	27.000000	48.000000	72.000000	98.973545	318.306878	99.473545	194.193122	1522.771394	2420.258436	0.629177	2028.000000	1999.820837	1999.157031	25.660170	20.143563	31.176776	73.265798	0.757278
4	pulsar-104.fit	4.000000	0.000000	56941.432538	2456941.432538	NaN	NaN	NaN	NaN	NaN	-24.125000	0.500000	NaN	NaN	27.000000	48.000000	72.000000	98.973545	318.306878	99.473545	194.193122	1123.575091	2420.664747	0.464160	2024.000000	1999.668265	1999.178476	35.490069	28.434308	42.545831	271.852034	0.853080
5	pulsar-105.fit	5.000000	0.000000	56941.432549	2456941.432549	NaN	NaN	NaN	NaN	NaN	-24.125000	0.500000	NaN	NaN	27.000000	48.000000	72.000000	98.973545	318.306878	99.473545	194.193122	3883135.779990	3125.662914	1242.339909	8971.000000	3699.717524	2006.981787	24.346666	22.880816	25.812516	78.010801	0.982757
6	pulsar-106.fit	6.000000	0.000000	56941.432572	2456941.432572	NaN	NaN	NaN	NaN	NaN	-24.125000	0.500000	NaN	NaN	27.000000	48.000000	72.000000	98.973545	318.306878	99.473545	194.193122	1751.420641	2416.035401	0.724915	2021.000000	2000.328248	1999.564769	31.659789	34.918342	28.401235	10.769805	0.952046
7	pulsar-107.fit	7.000000	0.000000	56941.432584	2456941.432584	NaN	NaN	NaN	NaN	NaN	-24.125000	0.500000	NaN	NaN	27.000000	48.000000	72.000000	98.973545	318.306878	99.473545	194.193122	1738.285902	2417.138022	0.719150	2025.000000	2000.165214	1999.407460	31.829537	25.541784	38.117290	67.182031	0.704255
8	pulsar-108.fit	8.000000	0.000000	56941.432595	2456941.432595	NaN	NaN	NaN	NaN	NaN	-24.187500	0.500000	NaN	NaN	27.000000	48.000000	72.000000	98.973545	318.306878	99.473545	194.193122	1289.811569	2423.276065	0.532259	2027.000000	1999.973409	1999.411155	40.930795	40.969791	40.891799	44.170871	0.995664
9	pulsar-109.fit	9.000000	0.000000	56941.432607	2456941.432607	NaN	NaN	NaN	NaN	NaN	-24.187500	0.500000	NaN	NaN	27.000000	48.000000	72.000000	98.973545	318.306878	99.473545	194.193122	693.287631	2423.047069	0.286122	2024.000000	1999.751962	1999.449744	32.277684	30.459140	34.096227	50.951951	0.703466
10	pulsar-110.fit	10.000000	0.000000	56941.432619	2456941.432619	NaN	NaN	NaN	NaN	NaN	-24.187500	0.500000	NaN	NaN	27.000000	48.000000	72.000000	98.973545	318.306878	99.473545	194.193122	1457.235817	2419.559064	0.602273	2028.000000	2000.483435	1999.848197	24.683980	10.096145	39.271814	289.519682	-0.272029
11	pulsar-111.fit	11.000000	0.000000	56941.432630	2456941.432630	NaN	NaN	NaN	NaN	NaN	-24.187500	0.500000	NaN	NaN	27.000000	48.000000	72.000000	98.973545	318.306878	99.473545	194.193122	1502.142545	2422.035303	0.620198	2029.000000	2000.176548	1999.521734	34.617938	27.099028	42.136848	89.265312	0.827807
12	pulsar-112.fit	12.000000	0.000000	56941.432653	2456941.432653	NaN	NaN	NaN	NaN	NaN	-24.187500	0.500000	NaN	NaN	27.000000	48.000000	72.000000	98.973545	318.306878	99.473545	194.193122	4256869.230976	3186.228103	1336.021494	9601.000000	3863.629032	2007.975488	24.346424	22.890941	25.801906	77.718778	0.982841
13	pulsar-113.fit	13.000000	0.000000	56941.432665	2456941.432665	NaN	NaN	NaN	NaN	NaN	-24.250000	0.500000	NaN	NaN	27.000000	48.000000	72.000000	98.973545	318.306878	99.473545	194.193122	2211.365277	2423.329090	0.912532	2028.000000	2000.575414	1999.611436	30.870350	32.620848	29.119851	34.593864	0.898771
14	pulsar-114.fit	14.000000	0.000000	56941.432677	2456941.432677	NaN	NaN	NaN	NaN	NaN	-24.250000	0.500000	NaN	NaN	27.000000	48.000000	72.000000	98.973545	318.306878	99.473545	194.193122	1952.802073	2426.227848	0.804872	2033.000000	2000.055362	1999.204097	33.282956	28.134987	38.430925	87.307998	0.907914
15	pulsar-115.fit	15.000000	0.000000	56941.432688	2456941.432688	NaN	NaN	NaN	NaN	NaN	-24.250000	0.500000	NaN	NaN	27.000000	48.000000	72.000000	98.973545	318.306878	99.473545	194.193122	1770.077083	2424.072929	0.730208	2027.000000	2000.210985	1999.439374	30.348369	21.877296	38.819441	273.887547	0.726774
16	pulsar-116.fit	16.000000	0.000000	56941.432700	2456941.432700	NaN	NaN	NaN	NaN	NaN	-24.312500	0.500000	NaN	NaN	27.000000	48.000000	72.000000	98.973545	318.306878	99.473545	194.193122	1291.339527	2432.804804	0.530803	2025.000000	2000.086748	1999.523828	30.470535	15.947853	44.993216	62.502898	-0.833506
17	pulsar-117.fit	17.000000	0.000000	56941.432711	2456941.432711	NaN	NaN	NaN	NaN	NaN	-24.312500	0.500000	NaN	NaN	27.000000	48.000000	72.000000	98.973545	318.306878	99.473545	194.193122	4503289.272337	3220.247388	1398.429602	10209.000000	3971.496077	2008.423159	24.343381	22.885452	25.801310	77.597615	0.982712
18	pulsar-118.fit	18.000000	0.000000	56941.432723	2456941.432723	NaN	NaN	NaN	NaN	NaN	-24.312500	0.500000	NaN	NaN	27.000000	48.000000	72.000000	98.973545	318.306878	99.473545	194.193122	1182.015948	2429.038699	0.486619	2023.000000	2000.329991	1999.814727	30.538306	19.602848	41.473763	88.204040	-1.491483
19	pulsar-119.fit	19.000000	0.000000	56941.432746	2456941.432746	NaN	NaN	NaN	NaN	NaN	-24.375000	0.500000	NaN	NaN	27.000000	48.000000	72.000000	98.973545	318.306878	99.473545	194.193122	2001.562320	2419.444206	0.827282	2025.000000	1999.928945	1999.056424	36.246142	31.091458	41.400826	274.359334	0.920449
20	pulsar-120.fit	20.000000	0.000000	56941.432758	2456941.432758	NaN	NaN	NaN	NaN	NaN	-24.375000	0.500000	NaN	NaN	27.000000	48.000000	72.000000	98.973545	318.306878	99.473545	194.193122	1481.125417	2417.256141	0.612730	2023.000000	2000.183086	1999.537434	31.865383	24.855271	38.875494	60.509089	0.336740
21	pulsar-121.fit	21.000000	0.000000	56941.432769	2456941.432769	NaN	NaN	NaN	NaN	NaN	-24.375000	0.500000	NaN	NaN	27.000000	48.000000	72.000000	98.973545	318.306878	99.473545	194.193122	1209.547397	2424.925920	0.498798	2024.000000	2000.004795	1999.477529	33.749403	25.683902	41.814904	87.846223	0.794408
22	pulsar-122.fit	22.000000	0.000000	56941.432781	2456941.432781	NaN	NaN	NaN	NaN	NaN	-24.375000	0.500000	NaN	NaN	27.000000	48.000000	72.000000	98.973545	318.306878	99.473545	194.193122	2400.480043	2420.188347	0.991857	2026.000000	2000.206190	1999.159773	34.205651	29.358009	39.053293	80.374870	0.913378
23	pulsar-123.fit	23.000000	0.000000	56941.432792	2456941.432792	NaN	NaN	NaN	NaN	NaN	-24.375000	0.500000	NaN	NaN	27.000000	48.000000	72.000000	98.973545	318.306878	99.473545	194.193122	1799.099165	2429.139217	0.740632	2027.000000	2000.610724	1999.826461	36.280994	30.969928	41.592060	82.282416	0.911579
24	pulsar-124.fit	24.000000	0.000000	56941.432804	2456941.432804	NaN	NaN	NaN	NaN	NaN	-24.437500	0.500000	NaN	NaN	27.000000	48.000000	72.000000	98.973545	318.306878	99.473545	194.193122	5019376.229680	3299.589225	1521.212456	11021.000000	4197.344377	2009.298941	24.336560	22.877778	25.795342	77.464487	0.982608
25	pulsar-125.fit	25.000000	0.000000	56941.432827	2456941.432827	NaN	NaN	NaN	NaN	NaN	-24.437500	0.500000	NaN	NaN	27.000000	48.000000	72.000000	98.973545	318.306878	99.473545	194.193122	2383.419781	2419.280579	0.985177	2023.000000	2000.162162	1999.123182	33.399944	32.757084	34.042804	74.735107	0.998004
26	pulsar-126.fit	26.000000	0.000000	56941.432839	2456941.432839	NaN	NaN	NaN	NaN	NaN	-24.437500	0.500000	NaN	NaN	27.000000	48.000000	72.000000	98.973545	318.306878	99.473545	194.193122	1694.007378	2425.376748	0.698451	2030.000000	2000.146469	1999.408018	32.592376	28.227641	36.957112	87.456161	0.930220
27	pulsar-127.fit	27.000000	0.000000	56941.432850	2456941.432850	NaN	NaN	NaN	NaN	NaN	-24.437500	0.500000	NaN	NaN	27.000000	48.000000	72.000000	98.973545	318.306878	99.473545	194.193122	1487.867696	2416.168256	0.615796	2029.000000	2000.015693	1999.367102	37.521107	30.680495	44.361718	285.575054	0.829965
28	pulsar-128.fit	28.000000	0.000000	56941.432862	2456941.432862	NaN	NaN	NaN	NaN	NaN	-24.437500	0.500000	NaN	NaN	27.000000	48.000000	72.000000	98.973545	318.306878	99.473545	194.193122	2389.602996	2420.712187	0.987149	2025.000000	2000.233653	1999.191978	35.630974	29.450834	41.811115	279.321375	0.873681
29	pulsar-129.fit	29.000000	0.000000	56941.432873	2456941.432873	NaN	NaN	NaN	NaN	NaN	-24.437500	0.500000	NaN	NaN	27.000000	48.000000	72.000000	98.973545	318.306878	99.473545	194.193122	2290.831318	2423.758757	0.945156	2026.000000	2000.491718	1999.493099	32.658705	28.933324	36.384085	80.396313	0.943125
30	pulsar-130.fit	30.000000	0.000000	56941.432885	2456941.432885	NaN	NaN	NaN	NaN	NaN	-24.437500	0.500000	NaN	NaN	27.000000	48.000000	72.000000	98.973545	318.306878	99.473545	194.193122	2173.471482	2422.546903	0.897184	2023.000000	2000.396687	1999.449228	38.297750	31.420583	45.174918	83.578317	0.872657
31	pulsar-131.fit	31.000000	0.000000	56941.432908	2456941.432908	NaN	NaN	NaN	NaN	NaN	-24.437500	0.500000	NaN	NaN	27.000000	48.000000	72.000000	98.973545	318.306878	99.473545	194.193122	4750203.544374	3258.063360	1457.983783	10496.000000	4079.648213	2008.940478	24.334607	22.888104	25.781110	77.376526	0.982845
32	pulsar-132.fit	32.000000	0.000000	56941.432920	2456941.432920	NaN	NaN	NaN	NaN	NaN	-24.437500	0.500000	NaN	NaN	27.000000	48.000000	72.000000	98.973545	318.306878	99.473545	194.193122	2683.285714	2428.829959	1.104765	2029.000000	2000.297733	1999.128036	34.298748	34.653887	33.943608	37.101969	0.994214
33	pulsar-133.fit	33.000000	0.000000	56941.432931	2456941.432931	NaN	NaN	NaN	NaN	NaN	-24.437500	0.500000	NaN	NaN	27.000000	48.000000	72.000000	98.973545	318.306878	99.473545	194.193122	1880.229911	2427.542456	0.774540	2024.000000	2000.028335	1999.208705	33.329038	25.822611	40.835466	88.551413	0.815747
34	pulsar-134.fit	34.000000	0.000000	56941.432943	2456941.432943	NaN	NaN	NaN	NaN	NaN	-24.437500	0.500000	NaN	NaN	27.000000	48.000000	72.000000	98.973545	318.306878	99.473545	194.193122	2278.361012	2425.262209	0.939429	2024.000000	2000.500000	1999.506817	36.973967	36.420051	37.527882	75.919174	0.998845
35	pulsar-135.fit	35.000000	0.000000	56941.432954	2456941.432954	NaN	NaN	NaN	NaN	NaN	-24.437500	0.500000	NaN	NaN	27.000000	48.000000	72.000000	98.973545	318.306878	99.473545	194.193122	2060.715702	2420.712072	0.851285	2020.000000	1999.992589	1999.094283	31.696468	28.288505	35.104431	67.437762	0.909225
36	pulsar-136.fit	36.000000	0.000000	56941.432966	2456941.432966	NaN	NaN	NaN	NaN	NaN	-24.437500	0.500000	NaN	NaN	27.000000	48.000000	72.000000	98.973545	318.306878	99.473545	194.193122	4748273.304301	3260.308522	1456.387723	10473.000000	4078.469486	2008.603180	24.327842	22.872089	25.783595	77.343707	0.982598
37	pulsar-137.fit	37.000000	0.000000	56941.432977	2456941.432977	NaN	NaN	NaN	NaN	NaN	-24.437500	0.500000	NaN	NaN	27.000000	48.000000	72.000000	98.973545	318.306878	99.473545	194.193122	1665.882704	2428.052450	0.686098	2022.000000	1999.967742	1999.241551	35.515219	27.908634	43.121804	73.072724	0.756768
38	pulsar-138.fit	38.000000	0.000000	56941.433001	2456941.433001	NaN	NaN	NaN	NaN	NaN	-24.437500	0.500000	NaN	NaN	27.000000	48.000000	72.000000	98.973545	318.306878	99.473545	194.193122	685.512177	2422.655082	0.282959	2029.000000	1999.849608	1999.550779	39.362493	41.561059	37.163928	83.226832	-84.317457
39	pulsar-139.fit	39.000000	0.000000	56941.433012	2456941.433012	NaN	NaN	NaN	NaN	NaN	-24.437500	0.500000	NaN	NaN	27.000000	48.000000	72.000000	98.973545	318.306878	99.473545	194.193122	1934.445995	2419.422554	0.799549	2027.000000	1999.990846	1999.147582	31.664119	28.896877	34.431360	68.493933	0.943723
40	pulsar-140.fit	40.000000	0.000000	56941.433024	2456941.433024	NaN	NaN	NaN	NaN	NaN	-24.437500	0.500000	NaN	NaN	27.000000	48.000000	72.000000	98.973545	318.306878	99.473545	194.193122	1654.474073	2417.231998	0.684450	2026.000000	2000.210549	1999.489331	31.536339	27.588546	35.484132	61.958240	0.804837
41	pulsar-141.fit	41.000000	0.000000	56941.433035	2456941.433035	NaN	NaN	NaN	NaN	NaN	-24.500000	0.500000	NaN	NaN	27.000000	48.000000	72.000000	98.973545	318.306878	99.473545	194.193122	1413.305388	2431.646825	0.581213	2026.000000	2000.062337	1999.446249	31.436499	23.323254	39.549744	65.792863	0.468411
42	pulsar-142.fit	42.000000	0.000000	56941.433047	2456941.433047	NaN	NaN	NaN	NaN	NaN	-24.500000	0.500000	NaN	NaN	27.000000	48.000000	72.000000	98.973545	318.306878	99.473545	194.193122	1467.069486	2431.692392	0.603312	2025.000000	2000.142546	1999.503021	31.826798	28.771326	34.882270	77.176302	0.955460
43	pulsar-143.fit	43.000000	0.000000	56941.433058	2456941.433058	NaN	NaN	NaN	NaN	NaN	-24.500000	0.500000	NaN	NaN	27.000000	48.000000	72.000000	98.973545	318.306878	99.473545	194.193122	4604581.539178	3236.475114	1422.714953	10218.000000	4015.711857	2008.483636	24.321951	22.874246	25.769655	77.434137	0.982831
44	pulsar-144.fit	44.000000	0.000000	56941.433082	2456941.433082	NaN	NaN	NaN	NaN	NaN	-24.500000	0.500000	NaN	NaN	27.000000	48.000000	72.000000	98.973545	318.306878	99.473545	194.193122	2025.410714	2420.251586	0.836860	2025.000000	2000.013949	1999.131033	34.561616	30.551094	38.572138	294.763642	0.875534
45	pulsar-145.fit	45.000000	0.000000	56941.433093	2456941.433093	NaN	NaN	NaN	NaN	NaN	-24.500000	0.500000	NaN	NaN	27.000000	48.000000	72.000000	98.973545	318.306878	99.473545	194.193122	1335.548061	2419.692573	0.551949	2026.000000	1999.755885	1999.173693	36.314191	31.011726	41.616655	84.474165	0.915121
46	pulsar-146.fit	46.000000	0.000000	56941.433105	2456941.433105	NaN	NaN	NaN	NaN	NaN	-24.500000	0.500000	NaN	NaN	27.000000	48.000000	72.000000	98.973545	318.306878	99.473545	194.193122	2075.646237	2419.746138	0.857795	2023.000000	2000.070619	1999.165804	34.605826	30.921214	38.290438	64.430310	0.887377
47	pulsar-147.fit	47.000000	0.000000	56941.433116	2456941.433116	NaN	NaN	NaN	NaN	NaN	-24.500000	0.500000	NaN	NaN	27.000000	48.000000	72.000000	98.973545	318.306878	99.473545	194.193122	2047.835280	2419.744033	0.846302	2114.000000	2000.064516	1999.171824	36.534708	32.138879	40.930537	79.501271	0.935445
48	pulsar-148.fit	48.000000	0.000000	56941.433128	2456941.433128	NaN	NaN	NaN	NaN	NaN	-24.500000	0.500000	NaN	NaN	27.000000	48.000000	72.000000	98.973545	318.306878	99.473545	194.193122	1486.889239	2421.594447	0.614012	2025.000000	1999.816914	1999.168749	32.836848	32.765263	32.908434	45.220408	0.678837
49	pulsar-149.fit	49.000000	0.000000	56941.433139	2456941.433139	NaN	NaN	NaN	NaN	NaN	-24.500000	0.500000	NaN	NaN	27.000000	48.000000	72.000000	98.973545	318.306878	99.473545	194.193122	1594.233043	2421.089631	0.658477	2022.000000	1999.678727	1998.983769	36.846500	34.130244	39.562756	281.578925	0.974563
50	pulsar-150.fit	50.000000	0.000000	56941.433163	2456941.433163	NaN	NaN	NaN	NaN	NaN	-24.500000	0.500000	NaN	NaN	27.000000	48.000000	72.000000	98.973545	318.306878	99.473545	194.193122	4129913.985340	3163.071277	1305.665799	9427.000000	3807.882738	2007.571497	24.312525	22.874177	25.750873	77.069913	0.982831
51	pulsar-151.fit	51.000000	0.000000	56941.433174	2456941.433174	NaN	NaN	NaN	NaN	NaN	-24.500000	0.500000	NaN	NaN	27.000000	48.000000	72.000000	98.973545	318.306878	99.473545	194.193122	2105.612993	2420.042435	0.870073	2021.000000	2000.146033	1999.228155	31.937006	27.638155	36.235858	58.919067	0.679379
52	pulsar-152.fit	52.000000	0.000000	56941.433186	2456941.433186	NaN	NaN	NaN	NaN	NaN	-24.500000	0.500000	NaN	NaN	27.000000	48.000000	72.000000	98.973545	318.306878	99.473545	194.193122	1593.656419	2418.901828	0.658835	2024.000000	1999.772886	1999.078179	31.800812	22.061424	41.540201	69.905634	0.462628
53	pulsar-153.fit	53.000000	0.000000	56941.433197	2456941.433197	NaN	NaN	NaN	NaN	NaN	-24.500000	0.500000	NaN	NaN	27.000000	48.000000	72.000000	98.973545	318.306878	99.473545	194.193122	2365.792505	2419.967337	0.977613	2022.000000	2000.150828	1999.119532	33.381252	31.643655	35.118850	285.392044	0.985395
54	pulsar-154.fit	54.000000	0.000000	56941.433209	2456941.433209	NaN	NaN	NaN	NaN	NaN	-24.500000	0.500000	NaN	NaN	27.000000	48.000000	72.000000	98.973545	318.306878	99.473545	194.193122	2608.238806	2419.808445	1.077870	2023.000000	2000.380122	1999.243139	34.235377	29.986473	38.484280	287.968809	0.908844
55	pulsar-155.fit	55.000000	0.000000	56941.433220	2456941.433220	NaN	NaN	NaN	NaN	NaN	-24.500000	0.500000	NaN	NaN	27.000000	48.000000	72.000000	98.973545	318.306878	99.473545	194.193122	4229933.350995	3178.339914	1330.862483	9736.000000	3851.431561	2007.519899	24.314464	22.878056	25.750872	77.117002	0.982907
56	pulsar-156.fit	56.000000	0.000000	56941.433244	2456941.433244	NaN	NaN	NaN	NaN	NaN	-24.500000	0.500000	NaN	NaN	27.000000	48.000000	72.000000	98.973545	318.306878	99.473545	194.193122	1764.611762	2423.343759	0.728172	2023.000000	2000.237140	1999.467911	35.901100	30.891946	40.910254	89.061175	0.924995
57	pulsar-157.fit	57.000000	0.000000	56941.433255	2456941.433255	NaN	NaN	NaN	NaN	NaN	-24.500000	0.500000	NaN	NaN	27.000000	48.000000	72.000000	98.973545	318.306878	99.473545	194.193122	3858676.897430	3121.447151	1236.182037	9021.000000	3689.051439	2006.977813	24.303013	22.882757	25.723270	76.987235	0.983197
58	pulsar-158.fit	58.000000	0.000000	56941.433267	2456941.433267	NaN	NaN	NaN	NaN	NaN	-24.500000	0.500000	NaN	NaN	27.000000	48.000000	72.000000	98.973545	318.306878	99.473545	194.193122	1106.231118	2417.398985	0.457612	2026.000000	2000.025719	1999.543491	29.982987	34.985995	24.979978	338.299891	0.800307
59	pulsar-159.fit	59.000000	0.000000	56941.433278	2456941.433278	NaN	NaN	NaN	NaN	NaN	-24.500000	0.500000	NaN	NaN	27.000000	48.000000	72.000000	98.973545	318.306878	99.473545	194.193122	2476.949181	2417.956800	1.024398	2026.000000	2000.152572	1999.072821	35.542487	34.785343	36.299632	303.589067	0.987945
60	pulsar-160.fit	60.000000	0.000000	56941.433290	2456941.433290	NaN	NaN	NaN	NaN	NaN	-24.500000	0.500000	NaN	NaN	27.000000	48.000000	72.000000	98.973545	318.306878	99.473545	194.193122	2145.084333	2421.342094	0.885907	2023.000000	1999.989974	1999.054889	36.594257	28.712389	44.476125	271.323913	0.830163
61	pulsar-161.fit	61.000000	0.000000	56941.433302	2456941.433302	NaN	NaN	NaN	NaN	NaN	-24.500000	0.500000	NaN	NaN	27.000000	48.000000	72.000000	98.973545	318.306878	99.473545	194.193122	1886.980795	2420.485482	0.779588	2026.000000	1999.916303	1999.093731	34.066416	30.437378	37.695454	291.507487	0.916987
62	pulsar-162.fit	62.000000	0.000000	56941.433325	2456941.433325	NaN	NaN	NaN	NaN	NaN	-24.500000	0.500000	NaN	NaN	27.000000	48.000000	72.000000	98.973545	318.306878	99.473545	194.193122	3674273.746978	3088.866927	1189.521541	8623.000000	3608.142982	2006.454339	24.303341	22.877195	25.729488	76.884036	0.982999
63	pulsar-163.fit	63.000000	0.000000	56941.433336	2456941.433336	NaN	NaN	NaN	NaN	NaN	-24.500000	0.500000	NaN	NaN	27.000000	48.000000	72.000000	98.973545	318.306878	99.473545	194.193122	2202.762179	2418.666260	0.910734	2024.000000	1999.803400	1998.843173	34.012888	38.221105	29.804672	10.906860	0.931086
64	pulsar-164.fit	64.000000	0.000000	56941.433348	2456941.433348	NaN	NaN	NaN	NaN	NaN	-24.562500	0.500000	NaN	NaN	27.000000	48.000000	72.000000	98.973545	318.306878	99.473545	194.193122	1905.595632	2420.165314	0.787382	2023.000000	1999.807759	1998.977073	34.265755	32.851629	35.679880	68.501278	0.987308
65	pulsar-165.fit	65.000000	0.000000	56941.433359	2456941.433359	NaN	NaN	NaN	NaN	NaN	-24.562500	0.500000	NaN	NaN	27.000000	48.000000	72.000000	98.973545	318.306878	99.473545	194.193122	1588.288150	2418.792758	0.656645	2029.000000	1999.695728	1999.003362	30.799713	19.703654	41.895772	80.326935	0.543130
66	pulsar-166.fit	66.000000	0.000000	56941.433371	2456941.433371	NaN	NaN	NaN	NaN	NaN	-24.562500	0.500000	NaN	NaN	27.000000	48.000000	72.000000	98.973545	318.306878	99.473545	194.193122	1294.008237	2421.064053	0.534479	2026.000000	1999.555362	1998.991278	33.114753	27.997979	38.231527	287.925397	0.861337
67	pulsar-167.fit	67.000000	0.000000	56941.433383	2456941.433383	NaN	NaN	NaN	NaN	NaN	-24.562500	0.500000	NaN	NaN	27.000000	48.000000	72.000000	98.973545	318.306878	99.473545	194.193122	1141.720642	2421.939492	0.471408	2023.000000	1999.454664	1998.956966	40.180028	36.991785	43.368272	270.035863	0.975129
68	pulsar-168.fit	68.000000	0.000000	56941.433406	2456941.433406	NaN	NaN	NaN	NaN	NaN	-24.562500	0.500000	NaN	NaN	27.000000	48.000000	72.000000	98.973545	318.306878	99.473545	194.193122	1957.533070	2426.180770	0.806837	2025.000000	1999.978204	1999.124877	36.952038	34.681115	39.222961	69.081535	0.972989
69	pulsar-169.fit	69.000000	0.000000	56941.433417	2456941.433417	NaN	NaN	NaN	NaN	NaN	-24.562500	0.500000	NaN	NaN	27.000000	48.000000	72.000000	98.973545	318.306878	99.473545	194.193122	4644913.860828	3243.439594	1432.095073	10306.000000	4033.017437	2008.207558	24.301745	22.875523	25.727967	76.871792	0.982988
70	pulsar-170.fit	70.000000	0.000000	56941.433429	2456941.433429	NaN	NaN	NaN	NaN	NaN	-24.562500	0.500000	NaN	NaN	27.000000	48.000000	72.000000	98.973545	318.306878	99.473545	194.193122	1497.897682	2418.976093	0.619228	2024.000000	1999.886661	1999.233698	29.367499	22.002443	36.732556	57.452586	-0.255713
71	pulsar-171.fit	71.000000	0.000000	56941.433440	2456941.433440	NaN	NaN	NaN	NaN	NaN	-24.562500	0.500000	NaN	NaN	27.000000	48.000000	72.000000	98.973545	318.306878	99.473545	194.193122	1548.366071	2420.047528	0.639808	2024.000000	1999.631648	1998.956684	31.835473	29.946123	33.724823	304.824337	0.884333
72	pulsar-172.fit	72.000000	0.000000	56941.433452	2456941.433452	NaN	NaN	NaN	NaN	NaN	-24.562500	0.500000	NaN	NaN	27.000000	48.000000	72.000000	98.973545	318.306878	99.473545	194.193122	1009.346667	2418.747891	0.417301	2024.000000	1999.359634	1998.919640	34.145746	33.436787	34.854705	313.632308	0.243527
73	pulsar-173.fit	73.000000	0.000000	56941.433464	2456941.433464	NaN	NaN	NaN	NaN	NaN	-24.562500	0.500000	NaN	NaN	27.000000	48.000000	72.000000	98.973545	318.306878	99.473545	194.193122	1143.811497	2418.065331	0.473028	2024.000000	1999.537053	1999.038443	37.477053	29.422264	45.531843	85.770410	0.827450
74	pulsar-174.fit	74.000000	0.000000	56941.433487	2456941.433487	NaN	NaN	NaN	NaN	NaN	-24.562500	0.500000	NaN	NaN	27.000000	48.000000	72.000000	98.973545	318.306878	99.473545	194.193122	2237.145472	2422.891983	0.923337	2023.000000	1999.429817	1998.454601	36.128451	36.214115	36.042788	317.699469	0.997460
75	pulsar-175.fit	75.000000	0.000000	56941.433498	2456941.433498	NaN	NaN	NaN	NaN	NaN	-24.562500	0.500000	NaN	NaN	27.000000	48.000000	72.000000	98.973545	318.306878	99.473545	194.193122	1641.609326	2420.366352	0.678248	2024.000000	1999.643854	1998.928244	27.280952	13.517812	41.044091	87.105946	0.346474
76	pulsar-176.fit	76.000000	0.000000	56941.433510	2456941.433510	NaN	NaN	NaN	NaN	NaN	-24.562500	0.500000	NaN	NaN	27.000000	48.000000	72.000000	98.973545	318.306878	99.473545	194.193122	4477349.164285	3217.441696	1391.586729	10096.000000	3959.418047	2007.652936	24.296429	22.874785	25.718072	76.790391	0.983041
77	pulsar-177.fit	77.000000	0.000000	56941.433521	2456941.433521	NaN	NaN	NaN	NaN	NaN	-24.562500	0.500000	NaN	NaN	27.000000	48.000000	72.000000	98.973545	318.306878	99.473545	194.193122	2382.249479	2424.116103	0.982729	2024.000000	1999.696600	1998.658130	36.414539	31.811155	41.017923	68.028681	0.880550
78	pulsar-179.fit	79.000000	0.000000	56941.433545	2456941.433545	NaN	NaN	NaN	NaN	NaN	-24.562500	0.500000	NaN	NaN	27.000000	48.000000	72.000000	98.897354	317.830688	99.397354	194.669312	1539.962420	2417.454281	0.637018	2025.000000	1999.598168	1998.926282	31.733340	23.186055	40.280625	276.666062	0.733571
79	pulsar-180.fit	80.000000	0.000000	56941.433556	2456941.433556	NaN	NaN	NaN	NaN	NaN	-24.562500	0.500000	NaN	NaN	27.000000	48.000000	72.000000	98.897354	317.830688	99.397354	194.669312	888.685051	2419.297047	0.367332	2024.000000	1999.403578	1999.015844	25.935382	23.575798	28.294966	283.259048	-37.350298
80	pulsar-181.fit	81.000000	0.000000	56941.433579	2456941.433579	NaN	NaN	NaN	NaN	NaN	-24.562500	0.500000	NaN	NaN	27.000000	48.000000	72.000000	98.897354	317.830688	99.397354	194.669312	4435234.392150	3209.625520	1381.854165	9925.000000	3942.306719	2007.213180	24.259182	22.869971	25.648393	76.945570	0.983838
81	pulsar-182.fit	82.000000	0.000000	56941.433591	2456941.433591	NaN	NaN	NaN	NaN	NaN	-24.562500	0.500000	NaN	NaN	27.000000	48.000000	72.000000	98.897354	317.830688	99.397354	194.669312	2147.903482	2421.894537	0.886869	2029.000000	1999.419721	1998.482590	36.662588	32.941033	40.384143	74.234744	0.944421
82	pulsar-183.fit	83.000000	0.000000	56941.433602	2456941.433602	NaN	NaN	NaN	NaN	NaN	-24.562500	0.500000	NaN	NaN	27.000000	48.000000	72.000000	98.897354	317.830688	99.397354	194.669312	3792760.964709	3106.765024	1220.807153	8902.000000	3660.970332	2006.188061	24.246169	22.865456	25.626882	76.890260	0.983987
83	pulsar-184.fit	84.000000	0.000000	56941.433614	2456941.433614	NaN	NaN	NaN	NaN	NaN	-24.625000	0.500000	NaN	NaN	27.000000	48.000000	72.000000	98.897354	317.830688	99.397354	194.669312	1653.776847	2420.008947	0.683376	2025.000000	1999.231675	1998.510132	33.622225	30.739851	36.504599	288.562643	0.954429
84	pulsar-185.fit	85.000000	0.000000	56941.433626	2456941.433626	NaN	NaN	NaN	NaN	NaN	-24.625000	0.500000	NaN	NaN	27.000000	48.000000	72.000000	98.897354	317.830688	99.397354	194.669312	2053.962285	2421.633709	0.848172	2034.000000	1999.407068	1998.510924	34.139725	31.262650	37.016799	65.108328	0.932817
85	pulsar-186.fit	86.000000	0.000000	56941.433637	2456941.433637	NaN	NaN	NaN	NaN	NaN	-24.625000	0.500000	NaN	NaN	27.000000	48.000000	72.000000	98.897354	317.830688	99.397354	194.669312	1789.717090	2416.632676	0.740583	2026.000000	1999.656632	1998.875778	35.095042	31.575386	38.614697	270.269548	0.960562
86	pulsar-187.fit	87.000000	0.000000	56941.433660	2456941.433660	NaN	NaN	NaN	NaN	NaN	-24.625000	0.500000	NaN	NaN	27.000000	48.000000	72.000000	98.897354	317.830688	99.397354	194.669312	1760.240863	2416.963615	0.728286	2026.000000	1999.634380	1998.866387	36.766679	35.907010	37.626348	50.859097	0.947043
87	pulsar-188.fit	88.000000	0.000000	56941.433672	2456941.433672	NaN	NaN	NaN	NaN	NaN	-24.625000	0.500000	NaN	NaN	27.000000	48.000000	72.000000	98.897354	317.830688	99.397354	194.669312	4310792.651956	3189.502129	1351.556599	9744.000000	3888.085079	2007.285492	24.253558	22.877019	25.630097	76.759109	0.984020
88	pulsar-189.fit	89.000000	0.000000	56941.433683	2456941.433683	NaN	NaN	NaN	NaN	NaN	-24.625000	0.500000	NaN	NaN	27.000000	48.000000	72.000000	98.897354	317.830688	99.397354	194.669312	2277.221952	2420.323304	0.940875	2026.000000	1999.546248	1998.552695	33.156931	28.660779	37.653083	272.253327	0.928640
89	pulsar-190.fit	90.000000	0.000000	56941.433695	2456941.433695	NaN	NaN	NaN	NaN	NaN	-24.625000	0.500000	NaN	NaN	27.000000	48.000000	72.000000	98.897354	317.830688	99.397354	194.669312	1810.892862	2422.438430	0.747550	2027.000000	1999.321990	1998.531897	35.268500	31.935538	38.601462	88.242090	0.964774
90	pulsar-191.fit	91.000000	0.000000	56941.433707	2456941.433707	NaN	NaN	NaN	NaN	NaN	-24.625000	0.500000	NaN	NaN	27.000000	48.000000	72.000000	98.897354	317.830688	99.397354	194.669312	879.087270	2417.564280	0.363625	2024.000000	1999.199389	1998.815843	31.932136	26.055195	37.809076	281.737386	0.849335
91	pulsar-192.fit	92.000000	0.000000	56941.433718	2456941.433718	NaN	NaN	NaN	NaN	NaN	-24.625000	0.500000	NaN	NaN	27.000000	48.000000	72.000000	98.897354	317.830688	99.397354	194.669312	1454.675282	2420.001375	0.601105	2023.000000	1999.200262	1998.565587	33.612803	32.624872	34.600735	57.348964	0.980242
92	pulsar-193.fit	93.000000	0.000000	56941.433741	2456941.433741	NaN	NaN	NaN	NaN	NaN	-24.625000	0.500000	NaN	NaN	27.000000	48.000000	72.000000	98.897354	317.830688	99.397354	194.669312	1399.046990	2422.265292	0.577578	2024.000000	1999.264834	1998.654430	26.512471	11.097154	41.927789	275.708783	0.213916
93	pulsar-194.fit	94.000000	0.000000	56941.433753	2456941.433753	NaN	NaN	NaN	NaN	NaN	-24.625000	0.500000	NaN	NaN	27.000000	48.000000	72.000000	98.897354	317.830688	99.397354	194.669312	1805.518446	2421.790280	0.745530	2023.000000	1999.268325	1998.480577	35.960292	29.861388	42.059195	64.362423	0.722209
94	pulsar-195.fit	95.000000	0.000000	56941.433764	2456941.433764	NaN	NaN	NaN	NaN	NaN	-24.625000	0.500000	NaN	NaN	27.000000	48.000000	72.000000	98.897354	317.830688	99.397354	194.669312	4766310.258310	3262.521515	1460.928376	10515.000000	4087.575480	2008.033482	24.247175	22.870682	25.623667	76.908956	0.984095
95	pulsar-196.fit	96.000000	0.000000	56941.433776	2456941.433776	NaN	NaN	NaN	NaN	NaN	-24.625000	0.500000	NaN	NaN	27.000000	48.000000	72.000000	98.897354	317.830688	99.397354	194.669312	1751.764303	2421.953250	0.723286	2027.000000	1999.211606	1998.447311	35.218892	33.583821	36.853962	61.365912	0.970638
96	pulsar-197.fit	97.000000	0.000000	56941.433788	2456941.433788	NaN	NaN	NaN	NaN	NaN	-24.625000	0.500000	NaN	NaN	27.000000	48.000000	72.000000	98.897354	317.830688	99.397354	194.669312	1548.360750	2417.812093	0.640397	2027.000000	1999.516579	1998.841029	36.870688	35.431274	38.310101	288.437019	0.990502
97	pulsar-198.fit	98.000000	0.000000	56941.433799	2456941.433799	NaN	NaN	NaN	NaN	NaN	-24.625000	0.500000	NaN	NaN	27.000000	48.000000	72.000000	98.897354	317.830688	99.397354	194.669312	1032.180924	2430.312794	0.424711	2023.000000	1998.948953	1998.498612	38.808434	25.813483	51.803386	273.753317	-1.805596
98	pulsar-199.fit	99.000000	0.000000	56941.433822	2456941.433822	NaN	NaN	NaN	NaN	NaN	-24.625000	0.500000	NaN	NaN	27.000000	48.000000	72.000000	98.897354	317.830688	99.397354	194.669312	1181.346492	2417.908434	0.488582	2030.000000	1999.277487	1998.762065	23.088065	18.089136	28.086994	66.313209	0.626928
99	pulsar-200.fit	100.000000	0.000000	56941.433834	2456941.433834	NaN	NaN	NaN	NaN	NaN	-24.625000	0.500000	NaN	NaN	27.000000	48.000000	72.000000	98.897354	317.830688	99.397354	194.669312	1661.906398	2420.167992	0.686691	2021.000000	1999.284031	1998.558941	32.608168	26.767578	38.448758	83.923211	0.873939
100	pulsar-200.fit	100.000000	0.000000	56941.433834	2456941.433834	NaN	NaN	NaN	NaN	NaN	-24.625000	0.500000	NaN	NaN	27.000000	48.000000	72.000000	98.897354	317.830688	99.397354	194.669312	1661.906398	2420.167992	0.686691	2021.000000	1999.284031	1998.558941	32.608168	26.767578	38.448758	83.923211	0.873939
